1393174363
2167563187
897206587747700740
1051053836
2371258280
2243862290
2325992934
2235729541
2389017793
2275810436
2266631022
2279318342
2338506822
2366835468
2425322684
2443058040
1322660676
2478439963
2510084300
2532881881
2484788220
2460502890
119060937
911748956421480448
4826209539
2842476639
2337136418
2575764354
2893133450
2313671966
1096832834306756610
4927828150
2312333412
3351041295
1034892495962820609
2895317462
1061275494
2349043879
4020178512
4736263474
2925093697
711030662728437760
707515829798182912
2863324024
744075632997470208
759252279862104064
734688391942524928
162691514
2592325530
749620531062800384
1120667211750940673
810263154458578944
4633094778
4053977488
773447880564731904
3190865591
769457743807844352
763039521936203776
704476690139885568
774791455680434176
843014705618870273
775658150179508224
3448833448
854054464717639681
828668619986964480
835043110631714816
773009781644677120
841424245938769920
873936272976474113
760049490187386880
879244998876708864
768219504598016001
2571393578
917007096209723392
840228005372874753
3992601857
816646997356777472
4469439315
767645185962455040
871853588540248064
4585412124
774689518767181828
862675563693125632
869908314292924416
345738416
864347902029709314
3111739836
808032684270354433
1015393861328224257
776078472477347840
831847934534746114
4711101020
976124518065373184
838079168537587712
877807935493033984
897349629385232388
872093043305963521
826699259441328128
877078771366453248
869962138932002817
908158324167675904
1201353103
903434091650883586
9130922
842473913997250566
844185333478637568
878291606830542848
902839045356744704
3291830170
4636067475
2904107388
865963965649571840
1193628146710515713
825920479055671296
745758443324080128
811762043451801600
916215987199934464
4871918301
1265654054572765188
856193547976028161
880423818594070528
888343534083944448
908863693248593920
910110294625492992
883335021943279618
912987663052836864
902262803557482496
889691121000996864
20356963
739770876808167424
874348944570159106
2797935057
907209378331336705
819884686642212864
924812006393344000
775213236354416640
906057790707216384
3023646139
927804348859428864
929649576151154689
867100084248469505
769430199985332228
900267964737478656
932489752044961792
885426541185818625
4341007829
772745248363712512
911172484254150657
900532456821932032
3175291836
922416176340316161
903565929719541760
897652496461680640
877706077873111040
2794894848
910589747491418112
880470278408724481
896769476766515200
2449701
945489465019064322
919250799984648192
943937584098668544
3214742482
928552637208973312
1218133134702714880
897349503816040448
1201626862671335424
918994376105197568
915590652167061504
874204357993963521
932829592313667584
892844938332966912
1016782149230518273
963041388383191040
2501522515
872984298973941764
897748073501278208
890365489658122242
726757620057563136
914029581610377217
882213472674742272
3318365565
4827257471
940430783965040640
872454019402346496
893448476146544645
939679057297494022
3084243825
899820889943949316
922358568602365953
933165746653245441
910233733265018880
758134283722600448
898875132864716800
912949947397439488
909376525081956352
910043982306041856
883984505119297536
957510098590380033
909744016291397632
15632445
867248739781533696
957095686914244609
950373690125922304
952096020392853504
981372580476039169
1140602873488842752
969649866937745408
931727472034398208
892865028939948033
919174740270637056
900437084321832960
778747478384312321
958267408933728256
2925093697
951256058483257345
896078064261763072
957914997732007938
943369448035049472
930740120067723264
961827567740239872
944255537121656833
956866803094863873
988867829519863808
1245498707979558912
973766864659734528
870296814632808448
994853071644712960
949313959445766144
1042608549010894848
851902232903766016
940761199259484160
1398122942
897622656765251585
948119493040943104
860231756867416066
898875132864716800
2896892108
2219922895
976294096808497152
460537897
872240096568721408
919860094296260609
950919655220166657
969962643317432320
963066696281051136
908576143975919616
940859323995115522
974028467544252422
987170021976588288
973074029773930496
751679497930412032
950241701062324224
790295332966002690
924098103224832000
983253126982586368
983536404478087168
990524193363054592
968179996459139073
1022861187237773313
1021362376409575424
914215160021241859
1264392213569499136
774865011462340608
1086669644382040066
882240621485985794
872553988952031232
1037113140608200708
954239794309148674
883451582473531392
950851330616147968
977020204071792641
992745403048251393
897536642159972352
959525495602688000
946184655119798274
1029900520608223233
1008980312137793536
955692933390520321
896090149863469057
981870409019731975
864347902029709314
1006952860272058368
992785781105266693
309464763
923335755904073728
1036022080188239872
1022405520030949376
960930668246167553
1007389104701673473
1024469861638975488
1025113070933356544
1006569151413063680
955763546494713857
921008115599986689
36208197
914029581610377217
900023164880789504
957721929791676416
1002179297711403013
984448427852382208
969605520339488768
1057593434754686977
1032010176491122689
1022675130990751744
915187898852528131
1067286204255633408
1004637512353046528
911245230426525697
965850225620402177
1041265125921943552
15223775
939922525651456000
973106708158431232
959183169554735105
969093664348631040
918994376105197568
1008347614037794821
924114231422738432
902168220400013312
1054001603630563328
3833343869
1057859246396600321
973449250242613248
968787678161326081
3004596486
938610515126792192
857646121195155456
1050075854611443712
914738730740715521
867617849208037377
908581392061214720
971324470563655680
951278194249748481
1085435717751169025
885947368159498240
950110836042825728
1006055524666826754
965487043965931521
886832413
995796935817621504
1050447842798706689
950901798419816448
1075083814492401664
978954459777814528
966878531417399297
1009036088856465410
976042792706166784
913327957904695297
1000112212927811585
926090672406441985
1115345843664629760
1077921707124494337
1090346259892838400
1002471062443970565
1105397558761779200
1018882182394376197
978566222282444800
998537270004154373
963535553869172736
1002129346163757058
983506576995528704
735772015152353280
2590633042
970241350430998528
1035075286839119872
986967941685153792
1006131468580552704
1015098884534591489
1119150034518302725
1023450698837516288
980547677225209863
935139646224371712
1012021170244161536
1022028994772910086
1058048734821539842
1020280392883089410
992778329685143552
959803528222003200
1101264495337365504
1024473982060265472
879478047770005504
1050299889244983296
1143814424454582272
1134051928613085184
1095276820088455168
1031070015594721285
1101427770415030272
1112177437360558081
897836587978956800
2906318755
970487711634046977
1249509304513658880
1001841190839271424
928046970849161221
1070185016531898368
1026713734788526080
983744557719392257
975908968626192385
1132233889726861312
801370030726381568
2585646715
898917341051965441
1068767255566082049
993805028182781954
3389763521
1129010475004506113
292708485
1192270490288582656
1160771803968487424
1158723096276156418
1116703720459444224
1032773383958745088
3285797414
1004606176586354690
1054668914104459264
1113767494177755136
998063321763926017
993001427873103873
1104768232831893504
1145721481487212544
1103398381869780992
917195081408319488
1093888974471524353
1141423436671201282
1182187569494269952
1169574258919522304
1036825933720768513
1186588268449665024
1163407220761092096
1211937202977923072
1154671636328488960
1148647206104309762
928647522817417216
1176840277081935877
1141065217536909314
955744720092835841
963021290801172480
25783456
1156938808555954176
952827063181848576
1088043893319483392
1169387731832602625
936114012332453888
876977005232660480
1166551125669158913
968117253773451264
1137988576547954689
1222784976246202370
1241575780670296065
1237565114020175872
951329744804392960
1219252379779887104
976072413770207232
1246428348517154823
1122691684213510144
980547677225209863
1250795698615758848
1236625952018501637
1115572539927846912
1113684234491715591
1200120838235852801
292132128
1191380071652696064
286728598
700736065582157824
1457614386
1040896454452228096
2364966259
1583507190
2314224984
805191193336410112
2266309700
2337791851
1034912029100986387
873207417542234112
2361179618
2365613563
864653270836498432
2305117220
2587220617
2412651932
2348560651
2436257148
2204033010
333192649
2540480312
826177855394439168
2432540773
2648931079
902420345373765632
3094365867
2396442385
2917040642
2404876578
2591869950
2739496430
608922372
3040234498
2159897706
741938604507836416
2550694741
926154221723975680
4738937069
4252750574
723270672986845184
762578100563554304
3979648852
795669839369027584
4847197905
753251908761055232
767543807336296449
732169766450954240
900341776392835073
783008720934416384
839469227186798592
805450407078203392
1019158639821578240
857795554767650816
857130360903274500
812121371199164416
4902837013
832490538108481536
4890482619
158301496
818371891937296384
809693676343558144
778610207500959744
993793977236287490
4794590665
856414302722457600
875388751882498049
1179321424877674496
788621834392637441
806404856370102272
743468349649260545
890105086914985984
835194759178244096
839189962000039937
862609366582571008
865213817466142724
809512948788064257
802952526542893061
1035774100822740993
875716366610948097
776803955301093376
839780218961334272
881837238220234752
858954415176396800
798522938689470465
4897921972
862662287202668546
886478262045523968
4792182482
888794609509433347
781574541164150785
900723960547090432
904688354830274560
431417121
878722528356831232
874921678526181376
718774766136532992
737247268466630656
880413992040222722
888212488528969728
882330272280322050
921174816689917952
813316674032021504
918848791318581248
2893134987
2680223893
862458216843628544
866969628534243332
882877442498625536
2946825834
890522833381715968
2533810195
868837446938742786
919915723522109440
856628098539954178
879705117641117697
767023655339655168
936495688434696192
1119368474915028992
902422244764172288
912161022470897664
882514901876457472
905833199435120641
885436300957843456
4693333172
702852640816963584
1522357730
2386122979
932870849128001536
771652431109234688
918011835554570240
933937456990130177
906608437773074432
901602108356644865
916038000827449344
904859884981714944
4759711813
915531221551255552
950289002787057664
894992420718362624
976755163837935616
940150616113889281
945131146462892033
890746289612259328
1218133134702714880
937391907822555141
1113676233126993920
895254960530636800
912636796504219648
897072173336154112
889656254469218305
877185571134726144
934988840967725059
870181777779838976
880608393072791553
989815176625963014
912326921500991488
949198041872912384
922835747937357825
939844577501966336
946273319036137472
4263670287
944969708306141184
928912529639727104
902832684757655552
952494351346647045
932518316425359360
952769638022049793
941302287045201920
954362777329483776
914965090415366146
883448012059672577
875901175081644032
2500281853
918725144566104065
887696537400332289
901078160917266432
926439263071326209
2444229696
301401023
826017926478172160
913837178261663744
717825317851774977
854430875211124737
902793926280491008
873664699262418946
934000391863390213
1199278841841143809
933495934687703040
942369395757797381
959479185294155776
898148332475908096
905479844426907649
926671039488180224
908638104545873920
910286698721968128
885478118827458562
834326960
860426654971199488
945217605576642560
310411824
894876628593070080
944091792269389824
898470396089036800
870761709274902528
893570035486150656
940136368797347840
921550402268606465
961288146020388864
943179109785419776
835570171074998275
882028707220787202
1711905620
955656763151273984
918756840464437248
965200903086092288
925531718211190784
949183234805456896
9130922
953545787325136896
1045511608905027584
948400389736443905
913705727360868352
780484098573774848
933638159270780928
4421119574
305460068
953844992060964864
955010049008574464
940880271997636612
1136887119383687171
970087768415227909
952976175374123008
856244662419501056
957624188554027012
955245895188209664
924044967407841280
952881560939675649
394690129
1250485278231293953
2538522950
969630780577210368
913460659001679872
945778840642527232
1229262070312357888
941836825764569088
969721411110604800
2642563674
952861091570139136
951414982142390276
955965217275547648
977519136061313024
937166242208763904
976677867298873347
975937153237598208
935569705846353921
971426960369840128
939358793086963712
971573128861110272
979078242786250752
991714338389024773
948468159073234944
956929025645035522
943144071220154368
958698339738013696
1050335337283608576
958266260734795777
867264149092487168
918480597085032450
911293419804225536
819499015481987073
910043982306041856
963356582720540678
939883992496697350
997193833216643072
968126490406801415
976613044364001280
975560300215681024
926465041561477120
887638060116082688
917851004925816832
971222542772985856
1011325662571966466
799058327825092608
933339511215611904
1027782453505667073
979849926329978886
973777569198854145
1021328531945656325
960928352784695298
976077809595666432
922876235813937153
1113520230217723906
956451425248096256
959105468122607616
960848407815512064
977460041904041984
1032295660568170496
1005659578896281600
945490397400154112
1033422271782809600
919898751925473280
896100363417333760
947732947674701824
1011396819358703616
965850225620402177
901397859613978624
903379327596814343
978494105339572224
954472592987115522
3891934347
773242429424087040
1059569187218227200
911082099892928512
1258361564115226624
908344296746647552
974787914583494658
1034272663294758913
1256593156700688385
824169988626018304
999282539066937344
898778815668736000
2731376077
2805034963
3851827035
695685504113766400
973896501771436032
20503904
896130399717302272
840239486269292544
913162191905415169
503285931
955592247499571205
912711576108589056
1040192077261357056
929004620004835328
2312594412
1025153428773695488
967438480220540928
953409414714810369
953284716945399809
1031350787920650240
929817868673437697
1002167917876797441
936627955723329539
973846604510773249
878395175055245312
744645761732747264
962971334333546497
1002781713603256320
993736759031746560
966114323377475584
982233146832764928
1004640400575946753
958017782834192386
960600629973528578
970079631373164545
1095300788086280192
1110615643374522368
991820833139159040
1017418824134643712
1011987487357657095
1064786429157339136
1022476898104995841
934431496676425729
1178622535245668352
969563242694619136
1008032675850883072
1045342844989263873
890301867846234112
1267325404181786625
1104274278227288065
990552826035269632
948869126285488130
1027815842044686337
920846363339788288
993450925103697920
930278033067466752
994048262611980288
1054434777288376321
443520671
977632570480496640
745521464
918922778073620481
934256202237730818
984269333869166592
1039711521419350018
1250030674913808384
978184299122892800
1054969544790413313
1058590557440823296
1129889073571622912
994354474712993793
927456109044092928
1052575794432749569
1176073256694112261
978188446362755072
997064427361812480
968190515861708800
897637919510409218
1080347969432432640
905959920222314498
1012124975149416448
1234755654381780997
932834126922518528
1077237253624221698
969666475580710915
1068079174647246848
947201612912701440
1134422658794237954
978473011673153536
965977585904750592
1113800721693122561
1159287904213983232
953409414714810369
1029249523187507200
1159773604017577984
1148538673094438912
1045931122708762624
1158232125503463424
1226774505768542208
1154270187043995648
968864939699064833
2422590972
971573846774960128
1164444655913721856
1184367106319499264
903865131301568512
1143273157333307393
1024649198430560257
1100702125460312064
1163407220761092096
1038389076595036161
1161389919077580803
1177466394968936449
1165864280572321798
923875246985416704
1240925249450979329
808323887385743360
1250795698615758848
1192422091515146240
1240410312064434181
1664012648
1251788830702698497
991681268151701505
1206193583113437187
1203212762534383616
984720630976311296
774824041
14930319
1937793373
1052974416911638529
804605406177820672
130876609
1608400430
1729661822
1051633411993915394
894593514197196807
874596953736310784
2301680204
4257426827
737798245452292096
2339448108
2244295159
2316408817
2855877522
959470021339762688
429490578
707854341701500929
923974688551743488
2289036295
2370239502
2321378298
2424695659
2798850228
2343997250
249189903
2792002925
2303644928
3401351531
2975078772
973037319229001728
715334719458553857
3235205577
2802272899
2492875280
3355823224
4913720158
2834463808
2805843896
3347353515
3410375111
964152667688853505
1028120364482625536
2421109230
4704538075
827296636686782465
4904690978
936954196296945664
850159078269571072
719504415133208576
4884319753
749947035504214016
737236193612566528
4642511194
1022950572457123840
3797296222
850188296865140736
3297860764
958309859086147590
1205809340952825856
815554334586912768
983338454800064512
918637837733498881
843039598188027905
821027008633339905
810926186067066880
852862349622915073
785214387007041536
806812777935437825
852824105950756867
2571611466
4131784210
4900512285
1023883483448598528
739855309091508224
813969918760812544
818911235286581248
766259706948116480
844832719754354688
2590861560
833825904866516997
856408775229493248
951364528171663360
837607977620221952
885931121472675840
883774743345758208
121333517
975259174014767104
821108171108483072
902210647030673408
882744472865517568
711004425561772032
4557206538
861463172296974336
1111156765662429184
890120200905003008
972902935779840000
2347438777
896355657338703872
895745867239444480
895231138909659137
913324073823870977
872835987898019841
881264672837709824
884529680757293056
931612337324412931
876743483595280384
876779976036540416
884461023398428672
755918237867597824
2467468304
918274315853926400
917987344816500737
913590593917505536
914960821209284609
861540659198603265
871873050844831752
918834210311303169
907567124608102400
899425896112693249
874806795293777920
148458068
877633817145737216
879193449735520256
4815290476
927931747802628096
915314841111420929
803111252218155009
880558867968540672
925410921706610688
887435435831681024
863882399980978176
2349928230
912860011428057088
2580216320
925581663903641600
891856531305644032
882503074358710273
790103402290176000
907552499158089728
869531302093082626
890888473418313728
867574261195522048
2485160899
912353513518198785
1214210971415089158
902138155897409536
928174458321252352
933002823238684672
941412749631819777
948081415333191680
938721969389764608
900681536080564224
934369092542390272
1125883825114894336
939038081964851201
890852789877911553
922397247119282176
913315398409322496
938038344491003905
958889556924706816
901290521250889728
932467232243773440
896319102234443776
1119905486046765057
903617387643199488
897262938335072256
918914917331341312
1026959281818664962
862005981097676800
901096265739628544
945496415106605056
4827358242
872165872701407232
908729999993262080
890230542498770949
908476928750841856
928743830710517760
906933174210486272
956107703226478592
940902068486856705
886395290667843584
928264170687959040
941466099928809472
933332879496577024
953903773566492673
903726834784677888
897238785187954688
910763624628654080
908323262635151360
890934420290416640
935069224384499712
955203665266184192
1006072101759954949
930044335135055873
896775429440380928
912972582902751232
904593790865784832
953289317769768962
334236518
949224201361043456
939177378571542539
880405593307131905
927985825719181317
934078058159583233
928426623749287936
944470966771552256
901925953546231808
842254047709171712
905993693491978240
791603891607474176
887238931863003137
908409030799851520
923794676615847936
944124451951583233
934007678803656704
172857071
871984589107056640
253297888
918369776757383168
984406139906482176
1012150498667974658
940854216331022336
921328924990279681
951425871528652800
961623007218290688
829356030417055744
961997985059028992
894507834062381056
901920700583129088
3537053837
208218349
897827353539346432
1014401626088472577
912263643970113536
947519411547598848
963396331774599170
927929016111325188
959234708751052800
891611896817762306
934022567001804800
3346419797
950159509892272128
943495898788532225
956769487029649419
1001609346248298496
977321934139613184
917883631401566208
994168189813747713
909669296493621249
881023755572568064
855549095104188417
925796367083094016
884570185914626048
950018989916344320
954856064230490112
903165006010650624
946040898583793664
910798584332906496
992809992909656064
902528308910444548
955468544929681410
897373986002284544
941314974319816704
992088273521692673
2648795407
971049768825712640
925735606302494721
956219844998856709
950605884643790848
967305931288555520
910833185273065472
861432019418398722
985533663097114625
3761703987
1010611475424014336
932228656281341953
777507812918366208
961053329852805120
989113797536354304
989568299972284416
966519932665004033
1095622515987279874
940412763599286272
958534531253850112
969108396296343552
897734786709688322
954179315503017984
935553132251238401
987949537569357824
982247322871480320
971259532293955585
965205504330027008
955722268356722688
961089951365521409
1203472756114886656
979563345664647170
800942559744770048
940599990191345664
969521302825402368
2231938873
919931198117502976
1011369305890607104
1034345278697086976
1062332104850202625
1000849334320189440
982610109439381504
945190259977007104
929237529559171072
948164025841475584
972356302159646720
986603904073805824
912633937494790145
913355281282633728
910869642368966657
2422196868
989677960037847040
960106123058556929
954241598308536320
1006742765969928194
980585023656128513
989549132468568064
960867574899728384
17713698
904511596680142848
997510541387161600
938574286113202177
1013344412905197569
1039247932426539013
952912700719452161
974585444737302528
1022476898104995841
935520196865019905
1039322967262416896
982627756704804866
1005827280470327296
940971947730636800
1003173203986923526
1018522689873555457
929259786344034304
934306672180215808
948667565890514946
976789086127181824
1009571405707563009
1008853581695463424
851904737872158723
973438135601377280
994378832495890432
968396771096281088
968103111423225856
945378512843636737
1007811016703422465
1022710165303226369
960693128507244544
898202251562545154
1633244484
940933824191406080
978542292712632320
997554020075139078
945288609124536320
945052353564233729
1181247989203034113
916321452546252800
994466616891949056
1066953850748264448
1038127541607956480
941048973443334144
1065024775729213440
990174170733600768
915716225359114240
1054869975549337601
970247333987389440
1050641489770860545
1027933470851559424
1012268675368275968
1282360941481426950
751679497930412032
958441966689243136
998726368392372224
1087046370303885313
1008974106375548928
1023240774920626178
3817268232
971309108677791745
922856122758807552
1090158612733784064
1042036961656143872
1032409184455671808
1035476953183047680
1038715747210543105
963246481124810752
914026312427360256
1221725369142779904
1018585346702041089
957249927427559424
1217830405770039299
1022042506689761280
1050823323830095873
521835766
1199905106512117760
4252750574
968782461823012864
905010961114910720
984537974707802113
1076093386413662210
969241427866718208
1227971435215441923
1155688242877890561
963321970627698688
1031552497121480707
890522833381715968
1065048000807010304
967873687864004608
1101056253835526144
1126697282580041734
968463142182359040
1078316546915778562
1089787010967953409
991931699721220097
969241427866718208
1041681537043845122
1114072583169695744
956243570582634496
1019548242873159680
1064484528914235392
840815553409245184
1019777351125569536
1088358684135047169
1131612374136442882
909186393620013057
1111589364256178176
981560177672454144
1138136491652239363
1141320634691129345
1021578677614563328
1204136188711448576
1012951046556135425
1153192700763504640
30831487
1169745348975308800
1206325413577994240
1117707944924196866
716236012905701376
1008730661560160256
1136347192686448640
1020655390491635712
1219345579232374785
1084871576812691458
1106238040626921472
898528774303735808
1053170004026449920
913391623538663424
